name: myenv
channels:
  - conda-forge
  - defaults
dependencies:
  - bzip2=1.0.8=h2466b09_7
  - ca-certificates=2024.8.30=h56e8100_0
  - intel-openmp=2025.0.0=h57928b3_1164
  - libblas=3.9.0=18_win64_mkl
  - libcblas=3.9.0=18_win64_mkl
  - libexpat=2.6.4=he0c23c2_0
  - libffi=3.4.2=h8ffe710_5
  - libhwloc=2.11.2=default_hc8275d1_1000
  - libiconv=1.17=hcfcfb64_2
  - liblapack=3.9.0=18_win64_mkl
  - liblzma=5.6.3=h2466b09_0
  - liblzma-devel=5.6.3=h2466b09_0
  - libsqlite=3.47.0=h2466b09_1
  - libxml2=2.13.5=h442d1da_0
  - libzlib=1.3.1=h2466b09_2
  - mkl=2022.1.0=h6a75c08_874
  - numpy=2.1.3=py312h49bc9c5_0
  - openssl=3.4.0=h2466b09_0
  - pandas=2.2.3=py312h72972c8_1
  - pip=24.3.1=pyh8b19718_0
  - pthreads-win32=2.9.1=h2466b09_4
  - python=3.12.5=h889d299_0_cpython
  - python-dateutil=2.9.0.post0=pyhff2d567_1
  - python-tzdata=2024.2=pyhd8ed1ab_1
  - python_abi=3.12=5_cp312
  - pytz=2024.1=pyhd8ed1ab_0
  - setuptools=75.6.0=pyhff2d567_1
  - six=1.17.0=pyhd8ed1ab_0
  - tbb=2021.13.0=h62715c5_1
  - tk=8.6.13=h5226925_1
  - tzdata=2024b=hc8b5060_0
  - ucrt=10.0.22621.0=h57928b3_1
  - vc=14.3=ha32ba9b_23
  - vc14_runtime=14.42.34433=he29a5d6_23
  - vs2015_runtime=14.42.34433=hdffcdeb_23
  - wheel=0.45.1=pyhd8ed1ab_1
  - xz=5.6.3=h208afaa_0
  - xz-tools=5.6.3=h2466b09_0
  - pip:
      - contourpy==1.3.0
      - cycler==0.12.1
      - fonttools==4.53.1
      - gurobipy==11.0.3
      - kiwisolver==1.4.5
      - matplotlib==3.9.2
      - networkx==3.3
      - packaging==24.1
      - pillow==10.4.0
      - pyparsing==3.1.4
prefix: C:\Users\liuya\miniconda3\envs\myenv
